Genes,HP:0011442,HP:0032180,HP:0000006,HP:0001871,HP:0011458,HP:0012337,HP:0011793,HP:0002597,HP:0000032,HP:0002242,HP:0002088,HP:0000290,HP:0000163,HP:0001508,HP:0001760,HP:0004322,HP:0001627,HP:0003549,HP:0011805,HP:0011297,HP:0001155,HP:0000366,HP:0011355,HP:0011354,HP:0000925,HP:0001263,HP:0030791,HP:0011843,HP:0100022,HP:0003674,HP:0003808,HP:0011025,HP:0002167,HP:0000708,HP:0000077,HP:0011277,HP:0002795,HP:0002683,HP:0000007,HP:0001999,HP:0007364,HP:0000240,HP:0010460,HP:0000812,HP:0000818,HP:0000496,HP:0000080,HP:0000504,HP:0012531,HP:0001250,HP:0001098,HP:0001595,HP:0030669,HP:0000356,HP:0001249,HP:0000365,HP:0012649,HP:0012719,HP:0001392,
2,1,1,1,0,0,0,0,0,0,0,0,0,0,0,0,0,0,0,0,0,0,0,0,0,0,0,0,0,0,0,0,0,0,0,0,0,0,0,0,0,0,0,0,0,0,0,0,0,0,0,0,0,0,0,0,0,0,0,0,
25,0,0,1,1,1,1,1,1,1,1,1,1,1,1,1,1,1,1,1,1,1,1,1,1,1,1,1,1,0,0,0,0,0,0,0,0,0,0,0,0,0,0,0,0,0,0,0,0,0,0,0,0,0,0,0,0,0,0,0,
111,1,0,1,0,0,0,0,0,0,0,0,0,0,0,0,0,1,0,1,0,0,0,0,0,0,0,0,0,1,1,1,1,1,1,0,0,0,0,0,0,0,0,0,0,0,0,0,0,0,0,0,0,0,0,0,0,0,0,0,
185,0,0,0,0,0,0,0,0,0,0,1,0,0,0,0,0,0,0,0,0,0,0,0,0,0,0,0,0,0,0,0,1,0,0,1,1,1,1,1,1,1,1,0,0,0,0,0,0,0,0,0,0,0,0,0,0,0,0,0,
207,1,0,1,1,1,1,1,1,1,1,1,0,1,1,1,1,0,1,1,1,1,1,1,1,1,1,1,1,1,1,0,1,1,1,1,0,1,1,0,1,0,1,1,1,1,1,1,1,1,1,1,1,1,1,1,1,1,0,0,
8493,0,0,1,0,1,0,1,0,0,0,0,1,1,0,1,1,0,0,0,1,1,1,0,0,1,1,0,0,1,0,1,0,1,1,0,0,0,0,0,0,0,0,0,0,0,1,0,0,0,0,0,0,0,1,1,0,0,1,0,
345,0,1,0,0,0,0,0,0,0,0,0,0,0,0,0,0,0,0,0,0,0,0,0,0,0,0,0,0,0,0,0,0,0,0,0,0,0,0,0,0,0,0,0,0,0,0,0,0,0,0,0,0,0,0,0,0,0,0,0,
348,1,1,1,1,0,1,0,1,0,0,0,0,0,0,0,0,0,0,0,0,0,0,1,1,0,0,0,0,1,1,1,1,1,1,1,1,0,0,1,0,0,0,0,0,1,0,0,1,0,1,1,1,1,0,0,0,1,1,1,
351,1,1,1,1,0,0,0,1,0,0,0,0,0,0,0,0,0,0,1,0,0,0,0,0,0,1,0,0,1,0,1,1,1,1,0,0,0,0,0,0,0,0,0,0,0,1,0,1,0,1,0,0,0,0,1,0,0,1,0,
355,1,0,1,1,1,1,1,1,1,1,1,0,1,0,0,1,1,1,1,0,0,0,1,1,0,0,0,1,1,0,0,1,0,1,1,1,1,0,0,0,0,0,1,1,1,0,1,1,1,1,1,1,1,0,0,1,1,1,1,
367,1,1,1,0,0,1,1,0,1,0,0,0,1,0,0,0,0,1,1,0,0,0,0,0,0,0,0,0,1,1,1,0,1,1,1,0,0,0,0,0,0,0,1,1,1,0,1,0,0,0,0,1,0,0,0,0,0,1,0,
8626,0,0,1,1,1,0,1,1,1,1,0,1,1,0,1,1,1,1,1,1,1,1,1,1,0,0,1,1,0,0,0,0,1,1,1,1,1,0,0,1,0,0,1,1,1,0,1,1,0,0,0,1,1,1,1,1,1,1,0,
8660,0,0,1,0,0,1,0,0,0,0,0,0,0,0,0,0,0,0,0,0,0,0,0,0,0,0,0,0,0,1,0,0,0,0,0,0,0,0,0,0,0,0,0,0,1,0,0,0,0,0,0,0,0,0,0,0,0,0,0,
472,1,1,1,1,1,1,1,1,1,0,1,0,0,1,0,1,0,0,1,0,0,1,1,1,0,0,0,0,1,0,1,0,1,0,0,0,0,0,1,0,0,0,1,1,1,1,1,0,0,1,0,1,1,0,0,0,1,0,0,
8694,0,1,0,0,1,0,0,0,0,1,0,0,0,1,0,0,0,0,0,0,0,0,0,0,0,0,0,0,0,0,0,0,0,0,0,0,0,0,1,0,0,0,0,0,0,0,0,0,0,0,0,0,0,0,0,0,0,0,0,
545,0,0,1,1,0,0,1,1,1,0,0,1,1,0,1,1,0,1,1,1,1,1,0,1,1,1,1,1,0,0,0,0,0,1,0,0,0,1,1,1,1,1,1,0,0,1,0,0,0,1,0,1,1,1,1,0,0,0,0,
581,0,0,1,1,0,0,1,0,0,1,0,0,0,0,0,0,0,0,0,0,0,0,0,0,0,0,0,0,0,0,0,0,0,0,1,0,0,0,0,0,0,0,1,1,0,0,0,0,0,0,0,0,0,0,0,0,0,0,0,
596,0,0,0,1,0,1,1,1,0,0,1,0,0,0,0,0,0,0,0,0,0,0,1,0,0,0,0,0,0,0,0,0,0,0,0,0,0,0,0,0,0,0,0,0,0,0,0,0,0,0,0,0,0,0,0,0,0,0,0,
627,1,0,0,0,0,0,1,0,1,1,0,0,1,0,0,1,0,0,0,0,0,0,0,0,1,0,1,0,0,0,1,0,0,0,0,0,1,0,0,0,1,1,0,0,0,1,0,1,0,1,0,0,0,0,1,0,0,0,0,
8820,1,0,1,0,1,1,0,0,1,0,0,0,1,1,1,1,0,1,0,1,1,1,0,1,1,1,0,1,1,0,1,1,1,1,1,0,0,1,1,1,1,0,1,1,1,1,1,1,0,1,1,1,0,0,1,1,0,0,1,
641,0,0,0,1,1,1,1,1,1,1,1,0,1,0,0,0,0,1,0,1,1,1,1,1,0,0,1,0,0,0,0,0,0,0,1,1,1,1,1,1,1,1,1,1,1,0,1,0,0,0,1,1,1,1,1,0,1,1,0,
672,0,0,1,1,1,1,1,1,1,1,0,1,1,1,1,1,1,1,0,1,1,1,1,1,1,1,1,0,1,0,0,0,1,0,1,1,0,1,1,1,1,1,1,1,1,1,1,1,1,0,0,1,1,1,1,1,1,1,1,
675,0,0,1,1,1,1,1,1,1,1,1,1,1,1,1,1,1,1,0,1,1,1,1,1,1,1,1,0,1,0,0,1,0,0,1,1,0,1,1,1,1,1,1,1,1,1,1,1,1,0,0,0,1,1,1,1,0,1,1,
8878,1,1,1,0,1,0,1,0,0,0,0,0,0,0,0,0,0,0,1,0,1,0,0,0,0,0,0,1,1,0,1,0,1,1,0,0,1,0,1,0,0,0,0,0,0,1,0,0,1,1,0,0,0,0,0,1,0,1,0,
701,0,0,1,1,1,1,1,1,1,1,1,1,1,0,0,1,1,0,1,1,1,1,1,0,1,1,1,0,0,0,1,1,0,0,1,0,1,1,1,1,1,1,1,1,1,1,0,1,0,1,0,0,1,1,1,1,0,0,0,
712,0,0,0,0,0,0,0,0,0,0,0,0,0,0,0,0,0,0,0,0,0,0,0,0,0,0,0,0,0,0,0,0,0,0,1,1,0,0,1,0,0,0,0,0,0,0,0,0,0,0,0,0,0,0,0,0,1,0,0,
773,1,0,1,0,1,1,0,0,0,0,0,1,1,1,0,1,0,1,1,0,0,0,0,0,0,1,0,1,1,0,1,0,1,1,0,0,0,0,0,0,1,1,0,0,0,1,0,1,0,1,1,0,1,0,1,1,0,1,0,
847,1,0,0,1,0,1,1,1,0,0,0,0,1,0,0,0,0,0,0,0,0,0,0,0,0,0,0,0,0,0,0,0,0,1,0,0,0,0,1,0,0,0,0,0,1,0,0,0,1,0,0,0,0,0,0,1,1,0,0,
9131,1,1,0,0,1,1,0,0,0,0,0,1,1,0,1,1,0,1,1,1,1,1,0,0,1,1,0,1,1,1,1,0,1,1,0,0,1,1,0,1,1,0,0,0,0,1,0,1,0,1,1,1,1,1,1,1,0,0,0,
9184,0,0,0,1,0,1,1,1,0,1,1,1,1,0,0,1,1,0,1,1,1,1,1,0,0,1,1,0,0,0,1,1,0,0,1,0,1,1,0,1,1,1,1,1,1,0,0,1,0,1,0,0,1,1,1,1,0,0,0,
998,1,0,1,1,0,1,0,1,1,0,1,1,1,0,1,0,1,1,1,1,1,1,1,0,1,1,0,1,0,0,1,1,1,1,1,0,0,0,0,1,1,1,0,0,1,1,0,1,0,1,1,1,1,1,1,1,0,0,0,
1026,0,1,0,1,1,1,1,1,0,1,0,0,1,0,0,0,0,1,0,0,0,0,1,0,0,0,0,1,0,0,0,1,0,1,1,1,0,0,0,0,0,0,0,0,1,0,1,0,1,1,0,0,0,0,0,0,0,1,0,
1029,1,0,1,1,1,1,1,1,1,1,1,0,0,0,0,0,0,0,0,0,0,0,1,1,1,0,0,0,0,0,0,0,0,0,1,0,0,0,0,0,0,0,1,1,1,0,0,0,1,0,1,1,0,0,0,0,0,1,1,
1030,1,1,0,1,1,1,1,1,0,1,0,0,1,0,0,0,0,1,0,0,0,0,1,0,0,0,0,1,0,0,0,1,0,1,1,1,0,0,0,0,0,0,0,0,1,0,1,0,1,1,1,1,0,0,0,0,0,1,0,
9241,0,0,1,0,0,0,0,0,0,0,0,0,1,0,1,1,0,1,1,1,1,1,0,0,1,0,0,1,1,0,0,0,0,0,0,0,0,0,0,1,0,0,0,0,0,1,0,0,0,0,0,0,0,0,0,1,0,0,0,
1050,0,0,1,1,0,0,1,0,0,0,0,0,0,0,0,0,0,0,0,0,0,0,0,0,0,0,0,0,0,0,0,0,0,0,0,0,0,0,0,0,0,0,0,0,0,0,0,0,0,0,0,0,0,0,0,0,0,0,0,
1071,0,1,1,0,0,0,0,0,0,0,0,0,0,0,0,0,0,0,0,0,0,0,0,0,0,0,0,0,0,0,0,0,0,0,0,0,0,0,0,0,0,0,0,0,0,0,0,0,0,0,0,0,0,0,0,0,0,0,0,
1161,1,1,0,1,1,1,0,1,1,0,0,0,1,1,1,0,1,1,1,1,1,1,1,1,1,0,1,1,1,1,1,1,1,1,1,1,0,1,1,1,1,1,0,0,1,1,1,1,0,1,1,1,1,1,1,1,1,1,1,
9365,0,1,0,0,0,0,0,0,0,0,0,0,0,0,1,0,0,0,0,0,1,0,0,0,0,0,0,0,0,0,0,0,0,0,0,0,0,0,1,0,0,0,0,0,1,0,0,0,0,0,0,0,0,0,0,0,0,0,0,
9401,0,0,0,1,1,1,1,1,1,1,0,1,1,1,1,1,1,1,1,1,1,1,1,1,1,0,1,1,0,0,0,0,0,0,1,0,0,1,1,1,1,0,1,1,1,1,1,0,0,1,1,1,1,1,1,1,0,1,1,
25942,0,0,1,0,1,0,0,0,1,1,0,1,1,1,1,1,1,1,1,1,1,1,1,0,1,1,1,1,0,0,1,0,1,1,0,0,0,0,0,1,1,1,0,0,1,1,0,0,0,1,0,1,1,1,1,1,0,0,0,
1385,0,0,0,0,0,0,0,0,0,0,0,0,0,0,0,0,0,0,0,0,0,0,0,0,0,0,0,0,0,0,0,0,0,0,0,0,0,0,0,0,0,0,0,0,0,0,0,0,0,0,0,0,0,0,0,0,0,0,0,
1387,1,0,1,1,1,0,1,1,1,1,1,1,1,1,1,1,1,1,1,1,1,1,1,0,1,0,1,1,1,0,1,1,1,1,1,1,1,1,0,1,1,1,1,1,1,1,0,1,0,1,1,1,1,1,1,1,1,1,0,
1490,0,0,0,0,1,0,0,1,0,1,1,0,1,0,1,0,0,1,1,0,1,0,1,1,0,0,0,1,0,0,0,1,0,0,1,1,1,0,0,0,0,0,0,0,0,0,1,0,1,0,0,0,0,0,0,0,0,1,0,
1499,1,1,1,1,1,1,1,1,0,1,0,0,1,0,0,1,0,0,0,0,0,1,1,0,0,1,0,1,0,1,1,1,1,1,1,0,1,0,1,1,1,1,1,1,1,1,1,1,1,1,1,0,0,0,1,1,1,1,1,
1649,0,0,0,0,1,0,0,0,0,0,0,0,0,0,0,0,0,0,0,0,0,0,1,0,0,0,0,0,0,0,0,0,0,0,0,0,0,0,0,0,0,0,0,0,0,0,0,0,1,0,0,0,0,0,0,0,0,1,0,
1938,1,0,1,0,0,0,0,0,0,0,0,0,0,0,0,0,0,0,0,0,0,0,0,0,0,0,0,0,1,1,0,0,1,0,0,0,0,0,0,0,0,0,0,0,0,1,0,0,0,0,0,0,0,0,0,0,0,0,0,
1950,0,1,0,0,0,0,0,0,0,0,0,0,0,0,0,0,0,0,0,0,0,0,0,0,0,1,0,0,1,0,0,0,1,1,0,1,0,0,1,0,1,1,0,0,0,0,0,0,0,1,0,0,0,0,1,0,0,0,0,
1956,0,0,1,0,1,1,1,1,0,0,1,0,1,1,0,0,1,0,0,0,0,1,1,1,0,0,0,0,0,0,0,1,0,0,0,0,0,0,1,0,0,0,0,0,0,0,0,0,0,0,0,1,1,1,0,0,1,1,0,
26580,1,1,1,0,0,1,0,1,0,0,0,1,1,1,1,0,1,1,1,1,1,0,0,1,0,1,1,1,1,1,1,1,1,1,1,0,1,0,1,1,0,0,1,1,1,0,1,0,1,1,0,1,0,1,1,0,1,0,1,
2006,1,1,1,1,1,1,0,1,1,1,1,1,1,1,1,1,1,1,1,1,1,1,1,1,1,0,1,1,1,0,1,1,1,1,1,1,1,0,0,1,1,1,1,1,1,1,1,1,1,0,1,1,1,1,1,1,1,1,1,
2010,1,1,0,0,0,0,0,0,0,0,0,0,0,0,1,0,1,1,1,0,0,0,0,0,1,0,0,1,1,1,1,1,0,0,0,0,1,0,0,0,0,0,0,0,0,0,0,0,1,0,0,0,0,0,0,0,0,0,0,
83932,0,0,0,0,0,0,1,0,0,0,0,1,0,0,1,1,0,1,1,1,0,1,0,0,1,0,1,1,0,0,0,0,0,0,0,0,0,1,1,1,0,0,0,0,0,0,0,0,0,0,0,0,0,0,0,0,0,0,1,
10220,0,0,1,0,0,0,0,0,0,0,0,1,1,0,1,0,0,1,1,0,0,1,0,0,1,0,1,1,0,1,0,0,0,0,0,0,0,1,0,0,0,0,0,0,0,0,0,0,0,0,0,1,1,1,0,0,0,0,0,
2033,1,0,1,1,1,0,1,1,1,1,1,1,1,1,1,1,1,1,1,1,1,1,1,0,1,1,1,1,1,1,1,1,1,1,1,1,1,1,0,1,1,1,1,1,1,1,0,0,0,1,1,1,1,1,1,1,1,1,0,
10229,0,1,0,0,1,0,0,0,0,0,1,0,0,0,0,0,1,1,1,0,0,0,0,0,0,1,0,1,0,1,1,1,0,0,1,0,1,0,1,0,0,0,0,0,0,0,0,1,1,0,0,0,0,0,0,1,0,0,0,
2057,0,0,0,1,1,0,0,0,0,0,0,0,0,0,0,0,0,0,0,0,0,1,0,0,0,0,0,0,0,0,0,0,0,0,0,0,1,0,0,0,0,0,0,0,0,0,0,0,1,0,0,0,0,0,0,0,0,0,0,
2059,0,0,0,0,0,0,0,0,0,0,0,0,0,0,0,0,0,0,0,0,0,0,0,0,0,0,0,0,0,1,0,0,0,0,0,0,0,0,1,0,0,0,0,0,0,0,0,0,0,0,0,0,0,0,0,1,0,0,0,
2064,0,0,1,0,0,0,1,0,0,0,1,0,0,0,0,0,0,0,0,0,0,0,0,0,0,0,0,0,0,0,0,0,0,0,0,0,0,0,0,0,0,0,0,0,0,0,0,0,0,0,0,0,0,0,0,0,0,0,0,
2067,1,0,0,0,1,0,0,1,1,0,0,1,1,1,1,1,0,1,1,1,1,1,1,1,1,1,1,1,1,1,1,0,0,1,0,0,0,1,1,1,1,1,0,0,1,1,1,1,0,1,1,0,1,1,1,1,1,0,1,
2068,1,0,0,1,1,1,1,1,1,1,1,1,1,1,1,1,1,1,1,1,1,1,1,1,1,1,1,1,1,0,1,0,1,1,0,1,1,1,1,1,1,1,0,1,1,1,1,1,1,1,1,1,1,1,1,1,1,1,0,
2071,1,0,0,1,0,1,1,1,1,0,1,0,1,1,0,1,1,1,1,1,0,1,1,1,1,1,1,1,1,0,1,0,1,1,0,1,1,1,1,1,1,1,0,1,1,1,1,1,1,1,1,1,1,1,1,1,1,0,0,
2072,1,1,0,1,1,1,1,1,1,1,0,1,1,1,1,1,1,1,1,1,1,1,1,1,1,1,1,1,1,1,1,1,1,1,1,1,0,1,1,1,1,1,1,1,1,1,1,1,1,1,1,1,1,1,1,1,1,0,1,
2073,1,0,0,0,1,1,1,1,1,0,0,1,1,1,1,1,0,1,1,1,1,1,1,1,1,1,1,1,1,0,1,0,1,1,0,1,0,1,1,0,1,1,0,0,1,1,1,1,1,1,1,1,1,1,1,1,1,0,0,
2074,1,1,1,1,1,1,1,1,1,0,1,1,1,1,1,1,1,1,1,1,1,1,1,1,1,1,1,1,1,1,1,1,0,1,1,1,0,1,1,1,1,1,0,1,1,1,1,1,0,1,1,1,1,1,1,1,1,1,1,
10269,0,1,0,1,0,1,0,1,1,1,1,0,1,1,1,1,1,1,1,1,1,1,1,1,1,0,1,1,1,0,0,1,0,0,0,0,1,1,1,1,0,1,1,1,1,0,1,0,1,0,0,1,1,1,0,1,0,0,0,
10273,1,0,1,0,0,1,0,0,0,0,0,0,0,0,0,0,0,0,1,1,1,0,0,1,0,1,0,0,1,0,1,0,1,1,0,0,0,0,1,1,0,0,0,0,1,1,1,0,0,1,1,1,0,0,0,1,1,1,0,
2099,0,0,1,0,1,1,1,1,0,0,0,0,0,0,0,0,0,0,0,0,0,0,0,0,0,0,0,1,0,0,0,0,0,1,0,0,0,0,1,0,0,0,1,1,1,0,1,1,1,0,0,0,0,0,0,0,1,0,0,
2202,0,0,1,0,0,0,0,0,0,0,0,0,0,0,0,0,0,0,0,0,0,0,0,0,0,0,0,0,0,0,0,0,0,0,0,0,0,0,0,0,0,0,0,0,0,0,0,1,0,0,1,0,0,0,0,0,0,0,0,
2260,1,1,1,0,1,1,1,1,1,1,1,1,1,1,1,1,1,1,1,1,1,1,1,1,1,1,1,1,1,0,1,1,1,1,1,0,1,1,0,0,1,1,1,1,1,1,1,1,0,1,1,1,1,1,1,1,1,1,0,
2308,0,0,0,0,0,0,1,0,0,0,0,0,0,0,0,0,0,0,0,0,0,0,0,0,0,0,0,0,0,0,0,0,0,0,0,0,0,0,0,0,0,0,0,0,0,0,0,0,0,0,0,0,0,0,0,0,0,0,0,
2321,0,1,0,1,1,1,0,1,0,0,0,0,0,0,0,0,0,0,0,0,0,0,0,0,0,0,0,0,0,0,0,1,0,1,1,1,0,0,0,0,0,0,1,1,1,0,0,1,1,0,0,0,0,0,0,0,0,1,1,
493856,1,0,0,1,1,1,0,0,0,1,0,0,0,0,0,0,1,0,1,0,0,0,0,0,0,0,0,1,0,0,0,1,1,1,1,1,1,0,1,0,0,0,0,0,1,1,1,0,0,1,1,0,0,0,1,1,0,1,0,
2353,0,1,0,0,0,1,0,1,0,0,0,1,1,1,1,0,1,1,1,0,1,0,0,1,0,1,1,1,0,0,0,1,0,1,0,0,0,0,0,1,0,0,1,1,1,0,1,0,0,0,0,1,0,0,1,0,0,0,1,
10555,0,1,0,0,0,1,0,1,0,0,0,1,1,1,1,0,1,1,1,0,1,0,0,1,0,1,1,1,0,0,0,1,0,1,1,0,0,0,1,1,0,0,1,1,1,0,1,0,0,0,0,1,0,1,1,0,1,0,1,
2475,1,0,1,1,1,1,1,1,1,1,0,1,1,0,1,1,0,1,1,1,1,1,1,0,0,1,0,0,1,1,1,0,1,1,0,0,1,1,0,1,0,1,0,0,0,1,0,0,0,1,0,1,1,0,1,0,0,0,0,
10683,0,0,0,0,1,0,0,1,1,0,1,1,1,0,0,1,0,1,1,1,1,1,0,0,1,0,0,1,0,0,0,0,0,0,0,0,1,1,1,0,1,1,1,1,0,0,0,0,1,0,0,0,0,1,1,0,0,0,0,
2688,0,0,1,0,0,1,0,0,0,0,0,0,0,0,0,1,0,0,0,0,0,0,0,0,0,0,0,1,0,0,0,0,0,0,0,0,0,0,1,0,0,0,0,0,1,0,0,0,0,0,0,0,0,0,0,0,0,0,0,
2690,0,1,1,0,0,1,0,1,1,0,0,1,1,0,1,1,0,0,0,1,0,1,1,1,0,0,1,1,0,0,0,0,0,0,0,0,0,0,1,1,0,0,0,0,1,0,1,0,0,0,0,0,1,0,1,0,0,0,0,
2692,0,0,0,0,0,0,0,0,0,0,0,0,0,0,0,1,0,0,0,0,0,0,0,0,0,0,0,1,0,0,0,0,0,0,0,0,0,0,1,0,0,0,0,0,1,0,0,0,0,0,0,0,0,0,0,0,0,0,0,
10891,1,0,0,0,1,0,0,0,0,0,0,0,0,0,0,0,0,0,1,0,0,0,0,0,0,0,0,0,0,0,1,0,0,1,0,0,1,0,0,0,0,0,0,0,0,0,0,0,1,0,0,0,0,0,0,0,0,0,0,
2729,1,0,0,1,0,0,0,1,0,0,0,0,0,0,0,0,0,0,1,0,0,0,0,1,0,1,0,0,1,0,0,0,1,1,0,1,0,0,1,0,0,0,0,0,0,0,0,0,0,0,0,0,0,0,1,0,0,0,1,
27429,1,0,1,1,1,1,0,0,0,0,0,0,0,0,0,0,0,0,0,0,0,1,0,0,0,0,0,0,1,0,1,1,0,1,0,1,1,0,1,0,1,1,0,0,0,0,1,1,0,1,0,0,0,0,0,1,0,0,0,
2876,0,1,0,1,0,0,0,0,0,0,0,0,0,0,0,0,0,0,0,0,0,0,0,0,0,0,0,0,0,0,0,0,0,0,0,0,0,0,1,0,0,0,0,0,0,0,0,0,0,0,0,0,0,0,0,0,0,0,0,
2879,0,0,0,0,0,0,0,0,0,0,0,0,0,0,1,1,1,0,0,1,1,1,0,0,1,0,0,1,0,0,1,1,0,0,0,0,1,1,1,0,1,0,0,0,0,0,0,0,0,0,0,0,0,1,0,0,0,0,0,
2896,1,0,1,0,0,0,0,0,0,0,0,0,0,0,0,0,0,0,0,0,0,0,0,0,0,0,0,0,1,0,0,0,1,1,0,0,0,0,1,0,0,0,0,0,0,0,0,1,0,1,1,0,0,0,0,0,0,0,0,
2908,0,1,1,0,0,1,0,1,0,0,0,0,0,0,0,0,0,0,0,0,0,0,0,0,0,0,0,0,0,0,0,1,0,1,0,0,0,0,0,0,0,0,1,0,1,0,1,0,0,0,0,1,0,0,0,0,1,0,0,
2936,0,1,0,1,0,0,0,0,0,0,0,0,0,0,0,0,0,0,0,0,0,0,0,0,0,0,0,0,0,0,0,0,0,0,0,0,0,0,1,0,0,0,0,0,0,0,0,0,0,0,0,0,0,0,0,0,0,0,0,
2937,1,0,0,1,0,1,0,0,0,0,0,0,0,0,0,0,0,0,0,0,0,0,0,0,0,0,0,0,1,0,1,0,1,1,0,1,0,0,1,0,0,0,0,0,0,0,0,0,0,1,1,0,0,0,1,0,0,0,0,
11200,0,0,1,1,0,1,1,0,1,1,1,0,0,0,0,0,0,0,0,0,0,0,0,0,0,0,0,1,0,0,0,0,0,0,1,0,0,0,0,0,0,0,1,1,1,0,0,0,1,0,1,0,0,0,0,0,0,0,0,
3064,1,1,1,0,1,0,0,0,0,0,0,0,0,0,1,0,0,0,0,0,1,1,0,0,1,1,0,0,1,0,1,0,1,1,0,0,0,0,1,0,0,0,0,0,0,1,1,0,0,1,0,0,0,0,1,0,0,1,0,
3070,0,0,0,1,0,0,0,0,0,1,1,0,1,0,0,1,0,1,1,0,0,1,0,0,0,1,1,0,0,1,0,0,0,0,0,0,0,0,1,1,0,1,0,0,0,0,0,0,0,0,0,0,1,1,1,0,0,0,0,
3090,1,0,0,0,0,0,0,0,0,0,0,1,1,0,0,0,0,1,0,1,1,1,1,0,1,0,0,0,0,0,0,0,0,0,1,1,0,0,0,0,1,0,0,0,0,0,0,0,0,1,0,0,1,0,0,0,0,0,0,
3265,0,1,1,0,1,1,1,1,1,0,1,1,1,1,1,1,1,1,1,1,1,1,1,0,1,1,1,1,1,1,1,1,0,1,1,1,1,1,0,1,1,1,0,0,1,1,0,1,0,1,0,1,1,1,1,0,0,1,0,
3313,0,0,1,1,0,0,1,0,0,0,0,0,1,0,0,1,1,0,0,0,0,1,1,0,1,1,0,0,0,0,0,0,0,0,1,1,0,1,1,0,1,0,0,0,0,0,0,0,0,0,0,1,1,1,0,0,1,0,0,
3329,1,0,1,0,1,0,0,0,0,0,0,0,0,0,1,0,0,1,1,0,0,0,0,0,1,1,0,1,1,1,1,0,0,0,0,0,1,0,1,0,1,1,0,0,0,1,0,0,0,1,1,0,0,0,1,1,0,0,0,
3479,0,1,0,0,0,1,0,0,0,0,0,1,1,1,0,1,0,0,0,1,1,1,1,0,0,0,1,1,0,1,0,0,0,1,0,0,0,0,1,1,1,1,0,0,1,0,1,0,0,0,0,1,0,0,1,1,0,0,0,
3480,0,0,1,0,0,1,0,0,0,0,0,0,1,0,1,1,1,1,0,1,1,1,0,1,0,1,1,1,0,1,0,0,1,1,0,0,0,0,1,1,1,1,0,0,1,1,0,0,0,0,0,1,1,1,1,0,0,0,0,
3481,0,0,1,0,1,1,1,1,1,0,0,1,1,1,1,1,1,1,1,1,1,0,1,0,1,1,1,1,0,0,1,0,1,1,1,0,1,1,0,1,0,1,0,1,1,0,1,0,0,1,0,0,0,1,1,0,0,0,1,
3551,0,0,1,1,1,0,0,0,0,0,1,0,0,1,0,0,0,0,0,0,0,0,0,0,0,0,0,0,0,1,0,0,0,0,0,0,0,0,1,0,0,0,0,0,0,0,0,0,0,0,0,0,0,0,0,0,1,0,0,
3561,0,0,0,1,1,1,1,1,0,0,1,0,0,1,1,0,0,0,0,1,0,1,0,1,0,0,0,0,0,1,0,0,0,0,1,1,1,0,0,0,0,0,0,0,1,0,0,0,0,0,0,1,1,0,0,0,1,0,1,
3569,0,1,1,0,1,1,1,1,0,1,1,0,1,0,0,0,1,0,0,0,0,0,1,0,0,0,0,0,0,1,0,0,0,1,1,1,0,0,0,0,0,0,0,0,1,0,0,0,1,0,0,0,0,0,0,0,1,1,1,
3574,0,0,0,1,0,0,1,1,0,0,0,0,0,0,0,0,0,0,0,0,0,0,1,1,0,0,0,0,0,0,0,0,0,0,0,0,0,0,1,0,0,0,0,0,0,0,0,0,0,0,0,0,0,0,0,0,1,0,0,
3575,0,0,0,1,1,1,1,1,0,0,1,0,1,1,1,0,0,0,0,1,0,1,0,0,0,0,0,0,0,0,0,0,0,0,1,1,0,0,1,0,0,0,0,0,1,0,0,0,0,0,0,1,1,0,0,0,1,0,1,
3630,1,1,1,1,0,1,1,0,0,0,0,1,1,1,0,0,1,1,1,0,0,0,0,0,0,1,0,1,0,0,1,1,0,0,1,1,0,1,1,0,0,0,0,0,1,0,0,0,0,1,1,0,0,0,1,1,0,0,1,
3643,0,1,1,0,1,1,0,0,1,1,0,1,1,1,1,1,1,1,1,1,1,1,1,1,0,1,1,1,0,0,1,0,0,1,1,1,0,0,1,1,1,1,1,1,1,0,0,0,0,1,1,1,0,1,1,0,0,0,1,
3667,0,0,1,0,0,1,0,0,0,0,0,0,0,0,0,0,0,0,0,0,0,0,0,0,0,0,0,0,0,1,0,0,0,0,0,0,0,0,0,0,0,0,0,0,1,0,0,0,0,0,0,0,0,0,0,0,0,0,0,
3717,0,0,1,1,1,1,1,1,0,1,0,0,1,0,0,0,0,0,0,0,0,1,0,1,0,0,0,0,0,0,0,1,1,0,0,0,1,0,1,0,0,0,0,0,0,0,0,1,1,1,0,0,0,0,0,0,1,1,1,
3952,0,1,0,1,0,1,0,0,1,0,1,0,0,0,0,0,0,0,0,0,0,1,0,0,0,0,0,1,0,0,0,1,0,1,0,0,0,0,1,0,0,0,1,1,1,0,1,0,0,0,0,0,0,0,0,0,1,0,0,
3953,0,1,0,1,0,1,0,0,1,0,1,0,0,0,0,1,0,0,0,0,0,1,0,0,0,0,0,1,0,0,0,1,0,1,0,0,0,0,1,0,0,0,1,1,1,0,1,0,0,0,0,0,0,0,0,0,0,0,0,
4000,1,1,1,1,1,1,1,1,1,1,1,0,1,1,1,1,1,1,1,1,1,1,1,1,1,1,1,1,1,1,1,1,0,0,1,1,1,1,1,1,0,1,1,1,1,0,1,0,1,0,1,1,1,1,1,1,1,0,1,
4001,1,0,1,0,1,0,0,0,0,0,1,1,1,1,0,1,1,0,0,0,0,1,0,0,1,1,0,0,1,1,1,1,1,1,1,0,0,1,0,0,1,1,0,0,0,1,1,1,0,1,0,1,1,0,1,1,1,1,0,
4036,0,0,0,0,0,0,0,0,0,1,0,1,0,0,0,0,1,1,1,0,0,1,0,0,0,1,0,0,0,0,0,0,0,0,1,1,0,1,1,0,1,1,1,1,0,0,0,1,0,1,1,1,1,1,1,1,0,0,0,
4137,1,0,1,0,1,0,0,1,0,0,0,0,0,0,0,0,0,0,1,0,1,0,0,0,1,0,0,0,1,1,1,0,1,1,0,0,1,0,1,0,0,0,0,0,0,1,0,1,0,1,0,0,1,0,0,0,0,1,0,
4149,1,1,1,1,1,0,1,1,0,0,0,0,0,0,0,0,0,0,0,0,0,0,1,1,0,0,0,0,1,0,0,1,1,1,1,1,0,0,0,0,0,0,0,0,1,0,0,0,1,0,1,0,0,0,0,1,0,0,0,
4193,0,0,0,1,0,0,1,0,1,1,1,0,1,0,0,1,0,0,0,0,0,1,1,1,0,0,0,0,0,0,0,1,0,0,1,1,0,0,1,0,0,0,1,1,1,0,1,0,0,0,0,1,0,0,0,0,0,1,0,
4282,0,1,0,0,1,1,0,1,0,0,1,0,0,0,0,0,1,0,0,0,0,0,0,0,0,0,0,0,0,0,0,0,0,0,0,0,0,0,0,0,0,0,0,0,0,0,0,0,1,0,0,0,0,0,0,0,1,0,1,
4292,1,0,1,1,1,0,1,0,0,1,0,0,1,0,0,0,1,1,1,0,0,0,1,0,0,0,0,1,1,0,1,1,1,1,1,0,0,0,1,0,1,0,1,1,1,0,0,1,1,1,0,0,0,0,0,0,0,1,1,
4512,1,0,0,1,1,1,0,1,0,1,0,0,0,1,0,1,1,0,1,0,0,0,0,1,0,1,0,0,1,0,0,1,1,1,1,1,1,0,0,0,1,0,0,0,1,1,1,1,0,1,1,1,0,0,0,1,1,1,0,
4601,0,0,1,0,0,0,1,0,0,0,0,0,0,0,0,0,0,0,0,0,0,0,0,0,0,0,0,0,0,0,0,0,0,0,0,0,0,0,0,0,0,0,0,1,0,0,0,0,0,0,0,0,0,0,0,0,0,0,0,
4609,0,1,0,1,1,0,1,1,0,1,0,0,1,0,0,0,0,0,0,0,0,0,0,0,0,0,0,0,0,0,0,1,0,0,0,0,0,0,0,0,0,0,1,1,0,0,0,0,1,0,0,0,0,0,0,0,0,1,1,
4683,0,0,0,1,1,0,1,0,0,0,1,1,1,0,0,1,0,0,1,0,0,1,1,1,1,0,1,0,0,0,0,0,0,1,1,1,1,0,1,0,1,1,1,1,0,0,1,0,0,0,0,1,1,1,1,0,1,1,0,
4780,0,0,1,1,0,0,0,0,0,0,1,0,0,1,0,1,1,0,0,0,0,0,0,0,0,1,0,0,0,1,0,0,1,0,0,0,0,0,0,0,0,0,0,0,0,0,0,0,0,0,0,0,0,0,1,0,1,0,0,
4790,0,0,1,1,0,0,1,1,0,0,1,0,0,1,0,0,0,0,0,0,0,1,0,1,0,0,0,0,0,0,0,0,0,0,0,0,1,1,0,0,0,0,0,0,0,0,0,0,1,0,0,1,0,0,0,0,1,0,1,
4791,0,1,1,1,0,1,1,1,0,0,1,0,0,1,0,0,0,0,0,0,0,1,0,1,0,1,0,0,0,0,0,1,0,0,0,0,1,1,0,0,0,0,0,0,1,0,0,1,1,1,0,1,0,0,0,0,1,0,1,
4792,0,0,1,0,0,1,0,0,0,0,1,1,1,0,0,0,0,0,0,0,0,1,0,1,0,0,0,0,0,1,0,0,0,0,0,0,0,1,0,0,0,0,0,0,0,0,0,0,0,0,0,1,0,0,0,0,0,1,0,
4803,0,0,0,0,0,1,0,0,0,0,0,0,1,0,0,0,0,0,0,0,1,0,1,1,0,0,0,1,0,1,0,0,0,0,0,0,0,0,1,0,0,0,0,0,0,0,0,0,0,0,0,0,0,0,1,0,1,0,0,
5052,1,1,0,1,1,1,0,0,0,0,0,1,1,1,0,0,0,0,0,0,0,0,0,0,0,1,0,0,1,1,1,0,0,0,1,1,0,0,1,1,1,1,0,0,0,1,0,1,0,1,1,0,0,1,1,0,0,0,0,
5054,0,1,1,1,0,0,0,1,0,0,0,0,0,0,0,0,1,0,1,0,0,1,0,1,0,0,0,0,0,1,0,1,0,0,0,0,0,0,1,0,0,0,0,0,0,0,1,0,0,0,0,0,0,0,0,0,0,1,0,
5105,0,1,0,0,0,1,0,0,0,0,0,0,0,0,0,0,0,0,0,0,0,0,0,1,0,1,0,0,0,1,0,0,0,0,1,1,1,0,1,0,0,0,0,0,0,0,0,0,0,1,1,0,0,0,0,0,0,0,1,
5111,1,0,0,0,0,0,0,1,0,0,0,0,0,0,1,1,0,1,1,0,0,0,0,1,0,1,0,1,1,0,0,0,1,1,0,0,0,0,1,0,1,1,0,0,0,0,0,1,0,0,1,0,1,0,1,1,0,1,0,
5155,1,0,1,1,1,0,1,1,0,0,0,0,1,0,0,0,0,0,1,0,0,1,1,1,1,0,0,0,1,1,1,1,1,1,0,0,1,0,0,0,1,1,0,0,1,1,1,1,1,1,1,0,0,0,0,0,0,0,1,
5156,0,0,1,1,1,0,1,1,0,1,0,0,0,0,0,0,1,0,0,0,0,0,0,0,0,0,0,0,0,0,0,1,0,0,0,0,0,0,0,0,0,0,0,0,0,0,0,0,1,0,0,0,0,0,0,0,1,1,1,
5159,1,1,1,1,0,0,1,1,0,1,1,1,1,0,1,0,0,1,0,1,1,1,1,1,1,0,1,1,1,1,1,0,1,1,1,0,0,1,0,0,1,1,0,0,1,1,0,0,0,1,0,1,1,0,0,1,0,1,1,
5290,1,0,1,1,1,1,1,1,1,1,1,1,1,1,1,1,1,1,1,1,1,1,1,1,1,1,1,1,1,1,1,1,1,1,1,0,1,1,0,1,0,1,1,1,1,1,1,1,1,1,1,0,1,1,1,1,1,1,1,
5295,0,0,1,1,1,1,1,1,0,1,1,1,1,1,0,1,0,1,0,1,1,1,1,1,0,0,1,1,0,1,0,0,1,0,0,0,1,1,1,1,0,0,0,0,1,0,0,0,0,0,0,1,1,1,0,1,1,0,1,
5328,1,1,1,1,0,0,0,1,0,0,0,0,0,0,0,0,0,0,0,0,0,1,0,1,0,0,0,0,0,0,0,1,0,0,0,0,0,0,0,0,0,0,0,0,0,0,1,0,0,0,0,0,0,0,0,0,0,0,0,
5336,0,0,1,1,0,1,0,1,0,1,1,0,0,0,0,0,0,1,0,0,0,1,0,1,0,0,0,0,0,1,0,1,0,0,0,0,1,0,0,0,0,0,0,0,1,0,0,0,1,0,0,0,0,0,0,0,1,1,0,
5371,0,0,0,1,1,1,0,1,0,0,1,0,1,0,0,0,0,0,0,0,0,1,0,1,0,0,0,1,0,0,0,1,0,1,1,1,1,0,0,0,0,0,0,0,0,0,1,0,1,0,0,0,0,0,0,0,1,0,0,
5422,1,0,0,0,1,1,0,1,1,1,1,0,1,1,0,1,1,1,0,1,1,0,0,1,1,1,1,1,0,1,1,0,0,1,0,0,0,1,0,1,1,1,0,0,1,0,1,1,0,1,0,1,1,1,1,0,1,1,0,
5424,0,1,1,0,0,1,1,1,1,1,0,0,1,0,0,0,0,1,1,0,0,1,1,1,1,0,1,1,0,0,0,0,0,0,0,0,0,0,0,0,0,0,1,1,1,0,1,0,0,0,0,0,0,0,0,1,0,0,1,
5428,1,1,1,1,1,1,0,0,1,1,0,0,0,1,1,0,1,0,1,0,1,0,0,0,0,1,0,0,1,1,1,1,1,1,0,1,1,0,1,0,1,1,1,1,1,1,1,1,1,1,1,0,1,0,1,1,1,1,1,
5444,1,0,0,0,1,0,0,0,0,0,0,0,0,0,0,0,0,0,1,0,0,0,0,0,0,0,0,0,0,0,1,0,0,1,0,0,1,0,0,0,0,0,0,0,0,0,0,0,1,0,0,0,0,0,0,0,0,0,0,
5449,0,0,1,0,1,1,0,0,1,0,0,1,1,0,0,1,0,1,1,1,0,1,0,1,1,1,0,1,0,0,1,1,0,1,0,0,0,1,1,1,1,0,0,0,1,0,1,0,0,1,1,1,0,0,1,0,0,0,1,
5468,0,1,1,0,0,1,0,1,0,0,0,1,1,1,1,0,1,1,1,0,1,0,1,1,0,1,1,1,0,1,0,1,0,1,0,0,0,0,1,1,0,0,1,1,1,0,1,0,1,0,0,1,0,0,1,0,1,0,1,
5580,0,1,0,1,0,1,1,1,0,1,1,0,1,1,0,0,0,1,0,0,0,1,1,1,0,0,0,0,0,0,0,0,0,0,1,1,1,1,1,0,0,0,1,1,1,0,1,0,1,1,0,1,0,0,0,0,1,1,1,
5591,0,0,0,0,0,0,0,0,1,0,1,1,1,0,0,0,0,0,0,1,1,1,0,0,0,0,0,0,0,1,0,0,0,0,0,0,0,0,1,0,1,1,0,0,0,0,0,1,0,1,0,0,0,1,0,1,1,0,0,
5626,0,0,0,0,1,1,0,0,1,0,0,0,1,0,0,1,0,1,0,1,0,1,0,1,1,1,0,1,0,0,1,1,0,1,0,0,0,1,1,1,1,0,0,0,1,0,1,0,0,1,1,1,0,0,1,0,0,0,1,
5663,1,1,1,1,0,0,0,0,0,0,0,0,0,0,1,0,1,1,1,0,1,0,0,0,0,0,0,0,1,1,1,1,1,1,0,0,0,0,0,0,0,0,0,0,0,1,0,1,0,1,0,0,0,0,1,1,1,1,0,
54840,1,1,0,0,0,0,0,0,0,0,0,0,0,0,1,0,0,0,1,0,0,0,0,0,1,0,0,0,1,1,0,0,1,0,0,0,0,0,1,0,0,0,0,0,0,1,0,0,0,0,0,1,1,0,0,0,0,0,0,
5728,1,1,1,1,1,1,1,1,1,1,1,1,1,1,1,1,1,1,1,1,1,1,1,1,1,1,1,1,1,1,1,1,1,1,1,0,1,1,0,1,0,1,1,1,1,1,0,0,1,1,1,1,1,1,1,1,1,1,1,
5770,0,0,1,0,0,1,0,0,0,0,0,0,0,0,0,0,0,0,0,0,0,0,0,0,0,0,0,0,0,1,0,0,0,0,0,0,0,0,0,0,0,0,0,0,1,0,0,0,0,0,0,0,0,0,0,0,0,0,0,
5781,0,0,1,1,1,1,1,1,1,0,1,1,1,1,0,1,1,0,1,1,1,1,1,1,1,1,1,1,0,0,1,1,1,0,1,0,0,1,0,1,0,0,1,1,1,1,1,0,1,0,0,1,1,1,1,1,0,0,1,
5830,1,1,0,1,1,1,0,1,1,1,0,1,1,1,1,1,1,1,1,0,1,1,0,1,1,1,1,1,1,0,1,1,0,1,1,1,1,1,1,1,1,1,1,0,1,1,0,1,0,1,1,0,1,1,1,1,0,0,1,
5831,0,0,0,0,0,0,0,1,1,0,0,1,1,1,1,1,0,1,1,0,0,1,1,1,1,1,1,1,0,0,1,0,1,0,0,0,0,1,1,1,1,1,0,0,0,0,0,1,0,0,0,1,1,1,1,0,0,1,0,
5888,1,0,1,1,0,0,1,1,1,1,0,1,1,0,1,1,1,1,0,1,1,1,1,0,1,1,1,1,1,0,0,0,0,0,1,1,0,1,0,1,1,1,1,1,1,1,1,1,1,0,0,0,1,1,1,1,0,0,1,
5925,0,0,1,1,0,1,1,0,0,0,1,0,1,0,0,1,0,0,0,1,1,1,0,0,1,0,1,1,0,0,1,1,0,0,0,0,0,1,0,0,1,1,0,0,0,0,0,0,1,0,1,0,1,1,1,0,0,0,0,
5970,0,0,1,0,1,0,1,0,0,1,1,0,1,0,0,0,0,0,0,0,0,0,0,0,0,0,0,0,1,0,0,0,0,0,0,0,0,0,0,0,0,0,1,1,0,0,0,0,1,1,0,0,0,0,0,0,0,0,1,
5979,1,1,1,1,1,1,1,1,0,1,1,0,1,1,1,1,0,0,1,1,1,1,1,1,1,1,0,1,1,0,1,1,1,1,1,1,1,0,0,0,0,0,1,1,1,1,0,0,1,1,1,1,1,1,1,1,1,1,0,
6391,1,1,1,1,1,0,1,1,1,1,0,0,1,1,1,1,0,1,1,1,1,0,1,1,1,1,0,0,1,1,0,1,1,1,1,1,0,0,0,0,0,1,1,1,1,0,0,0,1,1,1,0,1,0,1,1,1,1,1,
6647,1,0,1,0,1,1,0,0,0,0,0,0,0,0,1,0,0,0,1,1,0,0,0,0,0,0,0,0,1,0,1,0,1,1,0,0,1,0,1,0,0,0,0,0,0,0,0,0,1,0,0,0,0,1,0,0,0,1,0,
6774,1,0,1,1,1,1,1,1,0,1,1,1,1,1,0,1,1,1,1,0,0,1,1,1,1,1,0,1,0,1,1,1,0,1,1,1,1,1,0,1,0,0,0,0,1,0,1,0,1,1,1,1,0,0,1,1,1,1,1,
6777,0,0,1,1,1,1,0,1,0,1,1,1,1,1,0,1,0,0,0,0,0,1,0,1,0,0,0,1,0,0,0,1,0,1,1,1,1,0,1,0,1,1,0,0,1,0,1,0,1,0,0,0,0,0,0,0,1,0,0,
6794,0,1,1,1,1,0,1,0,1,1,1,0,1,0,0,0,0,0,0,1,1,1,1,0,0,0,0,0,0,0,0,1,0,0,1,1,0,0,0,0,0,0,1,1,1,0,1,0,1,0,0,0,0,0,0,0,0,1,1,
6872,1,0,0,0,1,0,1,0,0,0,1,1,1,0,1,0,0,1,0,1,0,1,1,0,1,1,1,1,1,1,1,0,1,1,0,0,0,1,0,1,1,1,0,0,0,1,0,0,0,1,0,1,1,1,1,1,1,1,0,
6908,1,0,1,0,1,0,0,0,0,0,0,0,0,0,0,0,0,0,1,0,0,0,0,0,0,0,0,0,1,0,1,0,1,1,0,0,0,0,0,0,0,0,0,0,0,1,0,0,0,1,0,0,0,0,0,0,0,1,0,
6929,0,0,1,1,1,1,1,1,0,1,1,0,1,1,0,0,0,1,0,0,0,0,0,0,0,0,0,1,0,1,0,0,0,0,0,0,1,0,0,0,0,0,0,0,0,0,0,0,0,0,0,0,1,1,0,0,1,0,1,
7012,1,0,1,1,0,1,1,1,1,1,1,0,1,0,1,1,0,0,0,1,1,1,1,1,1,1,1,1,0,1,0,1,0,0,0,0,1,0,0,0,0,0,1,1,1,0,0,0,0,0,1,1,1,0,0,1,1,1,1,
7015,1,0,1,1,1,1,1,1,1,1,1,0,1,1,1,1,1,0,1,1,1,1,1,1,1,1,1,1,1,1,1,1,1,1,0,0,1,0,1,0,1,1,1,1,1,1,1,1,1,1,1,1,1,0,1,1,1,1,1,
7020,0,0,1,0,0,0,1,1,1,1,0,1,1,0,0,1,0,1,1,1,1,1,1,1,1,0,1,1,0,0,0,0,1,0,1,0,0,1,0,0,1,1,0,0,1,1,0,0,0,1,1,1,1,1,1,1,0,1,0,
7040,1,0,1,1,1,1,0,1,0,1,1,1,1,1,1,0,1,1,1,1,1,1,0,1,1,1,1,1,1,1,1,0,1,0,0,1,1,1,1,1,1,0,0,0,1,0,1,1,1,1,1,0,0,0,0,1,1,1,1,
7124,0,0,1,0,1,0,0,0,0,0,0,0,0,0,0,0,0,0,0,0,0,0,0,0,0,0,0,0,0,0,0,0,0,1,0,0,1,0,0,0,0,0,0,0,0,0,0,1,0,0,0,0,0,0,0,0,0,0,0,
7153,0,0,0,0,0,0,1,0,0,0,0,0,0,0,0,0,0,0,0,0,0,0,0,0,0,0,0,0,0,0,0,0,0,0,0,1,0,0,0,0,0,0,0,0,0,0,0,0,0,0,0,0,0,0,0,0,0,0,0,
7157,1,1,1,1,1,1,1,1,1,1,1,0,0,0,0,1,0,0,0,0,0,1,1,1,1,1,0,1,0,0,1,1,0,1,1,1,0,0,0,0,1,1,1,1,1,0,1,1,1,1,1,1,0,0,0,0,1,1,1,
7174,1,0,0,1,0,0,0,1,0,0,1,0,0,0,0,0,0,0,0,0,0,0,0,0,0,1,0,0,0,0,0,0,0,0,0,0,0,0,0,0,0,0,0,0,0,0,0,0,0,0,0,0,0,0,0,0,1,0,1,
7314,0,0,0,0,1,0,0,0,0,0,1,0,1,0,0,0,0,0,0,0,0,0,0,0,0,0,1,0,0,0,0,0,1,0,0,0,0,0,0,1,0,0,0,0,0,0,0,0,0,0,0,0,0,0,0,1,1,1,0,
7341,0,0,0,0,0,0,0,0,0,0,0,0,1,0,0,0,0,0,0,0,0,0,0,0,0,0,1,0,0,0,0,0,0,0,0,0,0,0,0,0,0,0,0,0,0,0,0,0,0,0,0,0,0,0,0,0,0,0,0,
7345,1,0,1,0,1,0,0,0,0,0,0,0,0,0,1,0,0,1,1,0,0,1,0,0,0,0,0,1,1,0,1,0,0,1,0,0,0,0,1,0,0,0,0,0,0,1,1,1,0,0,1,0,0,0,0,0,0,0,0,
7351,0,1,0,0,1,1,0,0,0,0,0,0,0,0,0,0,0,0,0,0,0,0,0,0,0,1,0,0,0,0,0,1,0,1,0,0,0,0,0,0,0,0,0,0,1,0,0,0,0,1,0,0,0,0,0,0,0,0,1,
7352,0,0,1,0,0,1,0,0,0,0,0,0,0,0,0,0,0,0,0,0,0,0,0,0,0,0,0,0,0,0,0,0,0,0,0,0,0,0,1,0,0,0,0,0,0,0,0,0,0,0,0,0,0,0,0,0,0,0,0,
7415,1,1,1,0,1,0,0,0,0,0,0,0,1,0,1,1,1,0,1,1,1,0,0,0,1,0,0,1,1,1,1,1,1,1,0,0,1,1,0,0,0,0,0,0,0,1,0,0,1,1,0,0,0,0,1,1,0,1,1,
7486,0,0,0,0,0,1,1,1,1,0,1,0,1,0,1,1,0,1,1,0,1,1,1,1,0,0,0,1,0,0,0,1,0,0,1,0,0,0,1,1,0,0,1,1,1,0,1,0,0,0,1,1,0,0,0,0,0,0,0,
7507,1,0,0,0,0,1,1,1,1,0,0,0,1,1,0,1,0,0,0,0,0,1,1,1,0,0,0,1,1,0,1,0,0,1,0,1,0,1,1,0,1,1,0,0,1,1,1,1,1,1,1,1,1,0,1,1,1,0,0,
8074,0,1,1,1,0,0,0,0,0,0,0,0,1,0,0,1,0,0,0,0,0,0,0,1,0,0,0,1,0,0,0,0,0,0,1,1,0,0,1,0,0,0,0,0,0,0,0,0,1,0,0,0,0,0,0,0,0,0,0,
